H2O (wavelength = nm, xs = cm2/molecule)
wavelength          300K                
9.25000000e+01      6.23302100e-18      
9.26592593e+01      3.56139086e-18      
9.28185185e+01      1.50831793e-18      
9.29777778e+01      5.18893716e-19      
9.31370370e+01      1.37029521e-17      
9.32962963e+01      5.93260629e-18      
9.34555556e+01      2.90458535e-18      
9.36148148e+01      9.33470167e-19      
9.37740741e+01      2.50691455e-18      
9.39333333e+01      1.36649091e-17      
9.40925926e+01      5.20059614e-18      
9.42518519e+01      1.37180291e-18      
9.44111111e+01      4.77422333e-19      
9.45703704e+01      5.62091530e-18      
9.47296296e+01      2.32030008e-17      
9.48888889e+01      1.11663867e-17      
9.50481481e+01      2.72627974e-18      
9.52074074e+01      9.14740515e-20      
9.53666667e+01      1.83958937e-18      
9.55259259e+01      1.94560274e-17      
9.56851852e+01      7.77464224e-18      
9.58444444e+01      2.16626006e-18      
9.60037037e+01      6.27336692e-19      
9.61629630e+01      2.95978426e-18      
9.63222222e+01      1.32180614e-17      
9.64814815e+01      6.27185643e-18      
9.66407407e+01      4.81339017e-18      
9.68000000e+01      2.78765800e-18      
9.69592593e+01      1.80390027e-18      
9.71185185e+01      1.05876326e-17      
9.72777778e+01      1.61136760e-17      
9.74370370e+01      9.28011142e-18      
9.75962963e+01      4.36901633e-18      
9.77555556e+01      1.01995046e-18      
9.79148148e+01      7.64624227e-19      
9.80740741e+01      3.58123641e-18      
9.82333333e+01      2.34276751e-17      
9.83925926e+01      8.74856742e-18      
9.85518519e+01      1.91433555e-18      
9.87111111e+01      1.04536840e-18      
9.88703704e+01      4.54504212e-19      
9.90296296e+01      9.49737032e-19      
9.91888889e+01      2.93146371e-17      
9.93481481e+01      1.77483379e-17      
9.95074074e+01      5.19181454e-18      
9.96666667e+01      1.23587267e-18      
9.98259259e+01      6.95904598e-19      
9.99851852e+01      2.64805158e-19      
1.00144444e+02      1.37889636e-17      
1.00303704e+02      2.25948822e-17      
1.00462963e+02      5.15793937e-18      
1.00622222e+02      3.91069048e-18      
1.00781481e+02      1.07033769e-18      
1.00940741e+02      6.11498456e-19      
1.01100000e+02      1.01803300e-20      
1.01259259e+02      1.13600380e-17      
1.01418519e+02      1.37760151e-17      
1.01577778e+02      2.95701393e-18      
1.01737037e+02      2.08560671e-18      
1.01896296e+02      6.03966796e-19      
1.02055556e+02      2.88335346e-19      
1.02214815e+02      2.51005716e-21      
1.02374074e+02      1.11030755e-18      
1.02533333e+02      2.59061246e-18      
1.02692593e+02      1.06250749e-18      
1.02851852e+02      8.05671810e-19      
1.03011111e+02      1.97049977e-21      
1.03170370e+02      1.70221744e-19      
1.03329630e+02      1.40075318e-20      
1.03488889e+02      1.46796497e-20      
1.03648148e+02      9.26743155e-19      
1.03807407e+02      1.40918567e-18      
1.03966667e+02      3.25162726e-19      
1.04125926e+02      2.42818500e-19      
1.04285185e+02      6.87080110e-20      
1.04444444e+02      3.69411329e-20      
1.04603704e+02      2.04810981e-22      
1.04762963e+02      1.06793054e-20      
1.04922222e+02      7.85110640e-20      
1.05081481e+02      4.68942877e-20      
1.05240741e+02      3.24737023e-20      
1.05400000e+02      2.10112400e-20      
1.05559259e+02      2.84241206e-22      
1.05718519e+02      4.04998759e-21      
1.05877778e+02      9.04176263e-23      
1.06037037e+02      5.88542342e-22      
1.06196296e+02      3.52599279e-21      
1.06355556e+02      9.65669512e-21      
1.06514815e+02      4.36793690e-21      
1.06674074e+02      2.23018007e-21      
1.06833333e+02      1.17387159e-22      
1.06992593e+02      4.16732203e-22      
1.07151852e+02      5.42073395e-23      
1.07311111e+02      1.21323157e-24      
1.07470370e+02      1.09097705e-22      
1.07629630e+02      5.20205499e-23      
1.07788889e+02      5.42862944e-22      
1.07948148e+02      1.74629336e-22      
1.08107407e+02      1.04015260e-22      
1.08266667e+02      2.76918320e-24      
1.08425926e+02      2.30752542e-23      
1.08585185e+02      6.08626881e-24      
1.08744444e+02      1.02499202e-24      
1.08903704e+02      3.62161495e-24      
1.09062963e+02      4.53093624e-25      
1.09222222e+02      1.88887996e-24      
1.09381481e+02      1.73793805e-24      
1.09540741e+02      1.19717759e-24      
1.09700000e+02      9.27108600e-25      
1.09859259e+02      2.60582543e-25      
1.10018519e+02      3.91365166e-25      
1.10177778e+02      2.00844464e-25      
1.10337037e+02      1.55672359e-25      
1.10496296e+02      1.54857136e-25      
1.10655556e+02      1.06822775e-25      
1.10814815e+02      1.24338447e-25      
1.10974074e+02      1.16720735e-25      
1.11133333e+02      1.01972336e-25      
1.11292593e+02      8.15189863e-26      
1.11451852e+02      4.87924171e-26      
1.11611111e+02      3.57946395e-26      
1.11770370e+02      2.86933534e-26      
1.11929630e+02      2.60956467e-26      
1.12088889e+02      2.44859568e-26      
1.12248148e+02      2.31840050e-26      
1.12407407e+02      2.11648389e-26      
1.12566667e+02      1.51804835e-26      
1.12725926e+02      1.15323714e-26      
1.12885185e+02      9.60051348e-27      
1.13044444e+02      8.58619812e-27      
1.13203704e+02      8.03006413e-27      
1.13362963e+02      7.64026671e-27      
1.13522222e+02      7.26752879e-27      
1.13681481e+02      5.43415645e-27      
1.13840741e+02      2.70581471e-27      
1.14000000e+02      1.49136000e-27      
1.14159259e+02      9.22947451e-28      
1.14318519e+02      7.29848323e-28      
1.14477778e+02      5.90423304e-28      
1.14637037e+02      5.46658515e-28      
1.14796296e+02      5.12549700e-28      
1.14955556e+02      3.91206101e-28      
1.15114815e+02      2.15432721e-28      
1.15274074e+02      1.40293717e-28      
1.15433333e+02      9.50989943e-29      
1.15592593e+02      7.99651207e-29      
1.15751852e+02      6.88216694e-29      
1.15911111e+02      6.36765370e-29      
1.16070370e+02      6.07229317e-29      
1.16229630e+02      5.42056045e-29      
1.16388889e+02      3.42552665e-29      
1.16548148e+02      1.72260824e-29      
1.16707407e+02      1.02123166e-29      
1.16866667e+02      5.99893900e-30      
1.17025926e+02      4.61756924e-30      
1.17185185e+02      3.43861664e-30      
1.17344444e+02      3.22589832e-30      
1.17503704e+02      2.90314053e-30      
1.17662963e+02      2.47718264e-30      
1.17822222e+02      1.37711915e-30      
1.17981481e+02      5.67694201e-31      
1.18140741e+02      2.69084183e-31      
1.18300000e+02      1.16990000e-31      
1.18459259e+02      7.13970785e-32      
1.18618519e+02      2.94298101e-32      
1.18777778e+02      2.66922184e-32      
1.18937037e+02      1.85155375e-32      
1.19096296e+02      1.49388119e-32      
1.19255556e+02      1.15928486e-32      
1.19414815e+02      6.33299786e-33      
1.19574074e+02      3.49188481e-33      
1.19733333e+02      1.64936784e-33      
1.19892593e+02      8.19122319e-34      
1.20000000e+02      0.00000000e+00      
